 obs_sequence
obs_type_definitions
           1
           5 RAW_STATE_VAR_POWER            
  num_copies:            0  num_qc:            0
  num_obs:          300  max_num_obs:          300
  first:            1  last:          300
 OBS            1
          -1           2          -1
obdef
loc1d
   0.0976320288609713
kind
           5
  0.500000000000000     
           1
     0         50
  0.125000000000000     
 OBS            2
           1           3          -1
obdef
loc1d
   0.1116066654212773
kind
           5
  0.500000000000000     
           2
     0         50
  0.125000000000000     
 OBS            3
           2           4          -1
obdef
loc1d
   0.9123828439041972
kind
           5
  0.500000000000000     
           3
     0         50
  0.125000000000000     
 OBS            4
           3           5          -1
obdef
loc1d
   0.0976320288609713
kind
           5
  0.500000000000000     
           1
 10800         50
  0.125000000000000     
 OBS            5
           4           6          -1
obdef
loc1d
   0.1116066654212773
kind
           5
  0.500000000000000     
           2
 10800         50
  0.125000000000000     
 OBS            6
           5           7          -1
obdef
loc1d
   0.9123828439041972
kind
           5
  0.500000000000000     
           3
 10800         50
  0.125000000000000     
 OBS            7
           6           8          -1
obdef
loc1d
   0.0976320288609713
kind
           5
  0.500000000000000     
           1
 21600         50
  0.125000000000000     
 OBS            8
           7           9          -1
obdef
loc1d
   0.1116066654212773
kind
           5
  0.500000000000000     
           2
 21600         50
  0.125000000000000     
 OBS            9
           8          10          -1
obdef
loc1d
   0.9123828439041972
kind
           5
  0.500000000000000     
           3
 21600         50
  0.125000000000000     
 OBS           10
           9          11          -1
obdef
loc1d
   0.0976320288609713
kind
           5
  0.500000000000000     
           1
 32400         50
  0.125000000000000     
 OBS           11
          10          12          -1
obdef
loc1d
   0.1116066654212773
kind
           5
  0.500000000000000     
           2
 32400         50
  0.125000000000000     
 OBS           12
          11          13          -1
obdef
loc1d
   0.9123828439041972
kind
           5
  0.500000000000000     
           3
 32400         50
  0.125000000000000     
 OBS           13
          12          14          -1
obdef
loc1d
   0.0976320288609713
kind
           5
  0.500000000000000     
           1
 43200         50
  0.125000000000000     
 OBS           14
          13          15          -1
obdef
loc1d
   0.1116066654212773
kind
           5
  0.500000000000000     
           2
 43200         50
  0.125000000000000     
 OBS           15
          14          16          -1
obdef
loc1d
   0.9123828439041972
kind
           5
  0.500000000000000     
           3
 43200         50
  0.125000000000000     
 OBS           16
          15          17          -1
obdef
loc1d
   0.0976320288609713
kind
           5
  0.500000000000000     
           1
 54000         50
  0.125000000000000     
 OBS           17
          16          18          -1
obdef
loc1d
   0.1116066654212773
kind
           5
  0.500000000000000     
           2
 54000         50
  0.125000000000000     
 OBS           18
          17          19          -1
obdef
loc1d
   0.9123828439041972
kind
           5
  0.500000000000000     
           3
 54000         50
  0.125000000000000     
 OBS           19
          18          20          -1
obdef
loc1d
   0.0976320288609713
kind
           5
  0.500000000000000     
           1
 64800         50
  0.125000000000000     
 OBS           20
          19          21          -1
obdef
loc1d
   0.1116066654212773
kind
           5
  0.500000000000000     
           2
 64800         50
  0.125000000000000     
 OBS           21
          20          22          -1
obdef
loc1d
   0.9123828439041972
kind
           5
  0.500000000000000     
           3
 64800         50
  0.125000000000000     
 OBS           22
          21          23          -1
obdef
loc1d
   0.0976320288609713
kind
           5
  0.500000000000000     
           1
 75600         50
  0.125000000000000     
 OBS           23
          22          24          -1
obdef
loc1d
   0.1116066654212773
kind
           5
  0.500000000000000     
           2
 75600         50
  0.125000000000000     
 OBS           24
          23          25          -1
obdef
loc1d
   0.9123828439041972
kind
           5
  0.500000000000000     
           3
 75600         50
  0.125000000000000     
 OBS           25
          24          26          -1
obdef
loc1d
   0.0976320288609713
kind
           5
  0.500000000000000     
           1
     0         51
  0.125000000000000     
 OBS           26
          25          27          -1
obdef
loc1d
   0.1116066654212773
kind
           5
  0.500000000000000     
           2
     0         51
  0.125000000000000     
 OBS           27
          26          28          -1
obdef
loc1d
   0.9123828439041972
kind
           5
  0.500000000000000     
           3
     0         51
  0.125000000000000     
 OBS           28
          27          29          -1
obdef
loc1d
   0.0976320288609713
kind
           5
  0.500000000000000     
           1
 10800         51
  0.125000000000000     
 OBS           29
          28          30          -1
obdef
loc1d
   0.1116066654212773
kind
           5
  0.500000000000000     
           2
 10800         51
  0.125000000000000     
 OBS           30
          29          31          -1
obdef
loc1d
   0.9123828439041972
kind
           5
  0.500000000000000     
           3
 10800         51
  0.125000000000000     
 OBS           31
          30          32          -1
obdef
loc1d
   0.0976320288609713
kind
           5
  0.500000000000000     
           1
 21600         51
  0.125000000000000     
 OBS           32
          31          33          -1
obdef
loc1d
   0.1116066654212773
kind
           5
  0.500000000000000     
           2
 21600         51
  0.125000000000000     
 OBS           33
          32          34          -1
obdef
loc1d
   0.9123828439041972
kind
           5
  0.500000000000000     
           3
 21600         51
  0.125000000000000     
 OBS           34
          33          35          -1
obdef
loc1d
   0.0976320288609713
kind
           5
  0.500000000000000     
           1
 32400         51
  0.125000000000000     
 OBS           35
          34          36          -1
obdef
loc1d
   0.1116066654212773
kind
           5
  0.500000000000000     
           2
 32400         51
  0.125000000000000     
 OBS           36
          35          37          -1
obdef
loc1d
   0.9123828439041972
kind
           5
  0.500000000000000     
           3
 32400         51
  0.125000000000000     
 OBS           37
          36          38          -1
obdef
loc1d
   0.0976320288609713
kind
           5
  0.500000000000000     
           1
 43200         51
  0.125000000000000     
 OBS           38
          37          39          -1
obdef
loc1d
   0.1116066654212773
kind
           5
  0.500000000000000     
           2
 43200         51
  0.125000000000000     
 OBS           39
          38          40          -1
obdef
loc1d
   0.9123828439041972
kind
           5
  0.500000000000000     
           3
 43200         51
  0.125000000000000     
 OBS           40
          39          41          -1
obdef
loc1d
   0.0976320288609713
kind
           5
  0.500000000000000     
           1
 54000         51
  0.125000000000000     
 OBS           41
          40          42          -1
obdef
loc1d
   0.1116066654212773
kind
           5
  0.500000000000000     
           2
 54000         51
  0.125000000000000     
 OBS           42
          41          43          -1
obdef
loc1d
   0.9123828439041972
kind
           5
  0.500000000000000     
           3
 54000         51
  0.125000000000000     
 OBS           43
          42          44          -1
obdef
loc1d
   0.0976320288609713
kind
           5
  0.500000000000000     
           1
 64800         51
  0.125000000000000     
 OBS           44
          43          45          -1
obdef
loc1d
   0.1116066654212773
kind
           5
  0.500000000000000     
           2
 64800         51
  0.125000000000000     
 OBS           45
          44          46          -1
obdef
loc1d
   0.9123828439041972
kind
           5
  0.500000000000000     
           3
 64800         51
  0.125000000000000     
 OBS           46
          45          47          -1
obdef
loc1d
   0.0976320288609713
kind
           5
  0.500000000000000     
           1
 75600         51
  0.125000000000000     
 OBS           47
          46          48          -1
obdef
loc1d
   0.1116066654212773
kind
           5
  0.500000000000000     
           2
 75600         51
  0.125000000000000     
 OBS           48
          47          49          -1
obdef
loc1d
   0.9123828439041972
kind
           5
  0.500000000000000     
           3
 75600         51
  0.125000000000000     
 OBS           49
          48          50          -1
obdef
loc1d
   0.0976320288609713
kind
           5
  0.500000000000000     
           1
     0         52
  0.125000000000000     
 OBS           50
          49          51          -1
obdef
loc1d
   0.1116066654212773
kind
           5
  0.500000000000000     
           2
     0         52
  0.125000000000000     
 OBS           51
          50          52          -1
obdef
loc1d
   0.9123828439041972
kind
           5
  0.500000000000000     
           3
     0         52
  0.125000000000000     
 OBS           52
          51          53          -1
obdef
loc1d
   0.0976320288609713
kind
           5
  0.500000000000000     
           1
 10800         52
  0.125000000000000     
 OBS           53
          52          54          -1
obdef
loc1d
   0.1116066654212773
kind
           5
  0.500000000000000     
           2
 10800         52
  0.125000000000000     
 OBS           54
          53          55          -1
obdef
loc1d
   0.9123828439041972
kind
           5
  0.500000000000000     
           3
 10800         52
  0.125000000000000     
 OBS           55
          54          56          -1
obdef
loc1d
   0.0976320288609713
kind
           5
  0.500000000000000     
           1
 21600         52
  0.125000000000000     
 OBS           56
          55          57          -1
obdef
loc1d
   0.1116066654212773
kind
           5
  0.500000000000000     
           2
 21600         52
  0.125000000000000     
 OBS           57
          56          58          -1
obdef
loc1d
   0.9123828439041972
kind
           5
  0.500000000000000     
           3
 21600         52
  0.125000000000000     
 OBS           58
          57          59          -1
obdef
loc1d
   0.0976320288609713
kind
           5
  0.500000000000000     
           1
 32400         52
  0.125000000000000     
 OBS           59
          58          60          -1
obdef
loc1d
   0.1116066654212773
kind
           5
  0.500000000000000     
           2
 32400         52
  0.125000000000000     
 OBS           60
          59          61          -1
obdef
loc1d
   0.9123828439041972
kind
           5
  0.500000000000000     
           3
 32400         52
  0.125000000000000     
 OBS           61
          60          62          -1
obdef
loc1d
   0.0976320288609713
kind
           5
  0.500000000000000     
           1
 43200         52
  0.125000000000000     
 OBS           62
          61          63          -1
obdef
loc1d
   0.1116066654212773
kind
           5
  0.500000000000000     
           2
 43200         52
  0.125000000000000     
 OBS           63
          62          64          -1
obdef
loc1d
   0.9123828439041972
kind
           5
  0.500000000000000     
           3
 43200         52
  0.125000000000000     
 OBS           64
          63          65          -1
obdef
loc1d
   0.0976320288609713
kind
           5
  0.500000000000000     
           1
 54000         52
  0.125000000000000     
 OBS           65
          64          66          -1
obdef
loc1d
   0.1116066654212773
kind
           5
  0.500000000000000     
           2
 54000         52
  0.125000000000000     
 OBS           66
          65          67          -1
obdef
loc1d
   0.9123828439041972
kind
           5
  0.500000000000000     
           3
 54000         52
  0.125000000000000     
 OBS           67
          66          68          -1
obdef
loc1d
   0.0976320288609713
kind
           5
  0.500000000000000     
           1
 64800         52
  0.125000000000000     
 OBS           68
          67          69          -1
obdef
loc1d
   0.1116066654212773
kind
           5
  0.500000000000000     
           2
 64800         52
  0.125000000000000     
 OBS           69
          68          70          -1
obdef
loc1d
   0.9123828439041972
kind
           5
  0.500000000000000     
           3
 64800         52
  0.125000000000000     
 OBS           70
          69          71          -1
obdef
loc1d
   0.0976320288609713
kind
           5
  0.500000000000000     
           1
 75600         52
  0.125000000000000     
 OBS           71
          70          72          -1
obdef
loc1d
   0.1116066654212773
kind
           5
  0.500000000000000     
           2
 75600         52
  0.125000000000000     
 OBS           72
          71          73          -1
obdef
loc1d
   0.9123828439041972
kind
           5
  0.500000000000000     
           3
 75600         52
  0.125000000000000     
 OBS           73
          72          74          -1
obdef
loc1d
   0.0976320288609713
kind
           5
  0.500000000000000     
           1
     0         53
  0.125000000000000     
 OBS           74
          73          75          -1
obdef
loc1d
   0.1116066654212773
kind
           5
  0.500000000000000     
           2
     0         53
  0.125000000000000     
 OBS           75
          74          76          -1
obdef
loc1d
   0.9123828439041972
kind
           5
  0.500000000000000     
           3
     0         53
  0.125000000000000     
 OBS           76
          75          77          -1
obdef
loc1d
   0.0976320288609713
kind
           5
  0.500000000000000     
           1
 10800         53
  0.125000000000000     
 OBS           77
          76          78          -1
obdef
loc1d
   0.1116066654212773
kind
           5
  0.500000000000000     
           2
 10800         53
  0.125000000000000     
 OBS           78
          77          79          -1
obdef
loc1d
   0.9123828439041972
kind
           5
  0.500000000000000     
           3
 10800         53
  0.125000000000000     
 OBS           79
          78          80          -1
obdef
loc1d
   0.0976320288609713
kind
           5
  0.500000000000000     
           1
 21600         53
  0.125000000000000     
 OBS           80
          79          81          -1
obdef
loc1d
   0.1116066654212773
kind
           5
  0.500000000000000     
           2
 21600         53
  0.125000000000000     
 OBS           81
          80          82          -1
obdef
loc1d
   0.9123828439041972
kind
           5
  0.500000000000000     
           3
 21600         53
  0.125000000000000     
 OBS           82
          81          83          -1
obdef
loc1d
   0.0976320288609713
kind
           5
  0.500000000000000     
           1
 32400         53
  0.125000000000000     
 OBS           83
          82          84          -1
obdef
loc1d
   0.1116066654212773
kind
           5
  0.500000000000000     
           2
 32400         53
  0.125000000000000     
 OBS           84
          83          85          -1
obdef
loc1d
   0.9123828439041972
kind
           5
  0.500000000000000     
           3
 32400         53
  0.125000000000000     
 OBS           85
          84          86          -1
obdef
loc1d
   0.0976320288609713
kind
           5
  0.500000000000000     
           1
 43200         53
  0.125000000000000     
 OBS           86
          85          87          -1
obdef
loc1d
   0.1116066654212773
kind
           5
  0.500000000000000     
           2
 43200         53
  0.125000000000000     
 OBS           87
          86          88          -1
obdef
loc1d
   0.9123828439041972
kind
           5
  0.500000000000000     
           3
 43200         53
  0.125000000000000     
 OBS           88
          87          89          -1
obdef
loc1d
   0.0976320288609713
kind
           5
  0.500000000000000     
           1
 54000         53
  0.125000000000000     
 OBS           89
          88          90          -1
obdef
loc1d
   0.1116066654212773
kind
           5
  0.500000000000000     
           2
 54000         53
  0.125000000000000     
 OBS           90
          89          91          -1
obdef
loc1d
   0.9123828439041972
kind
           5
  0.500000000000000     
           3
 54000         53
  0.125000000000000     
 OBS           91
          90          92          -1
obdef
loc1d
   0.0976320288609713
kind
           5
  0.500000000000000     
           1
 64800         53
  0.125000000000000     
 OBS           92
          91          93          -1
obdef
loc1d
   0.1116066654212773
kind
           5
  0.500000000000000     
           2
 64800         53
  0.125000000000000     
 OBS           93
          92          94          -1
obdef
loc1d
   0.9123828439041972
kind
           5
  0.500000000000000     
           3
 64800         53
  0.125000000000000     
 OBS           94
          93          95          -1
obdef
loc1d
   0.0976320288609713
kind
           5
  0.500000000000000     
           1
 75600         53
  0.125000000000000     
 OBS           95
          94          96          -1
obdef
loc1d
   0.1116066654212773
kind
           5
  0.500000000000000     
           2
 75600         53
  0.125000000000000     
 OBS           96
          95          97          -1
obdef
loc1d
   0.9123828439041972
kind
           5
  0.500000000000000     
           3
 75600         53
  0.125000000000000     
 OBS           97
          96          98          -1
obdef
loc1d
   0.0976320288609713
kind
           5
  0.500000000000000     
           1
     0         54
  0.125000000000000     
 OBS           98
          97          99          -1
obdef
loc1d
   0.1116066654212773
kind
           5
  0.500000000000000     
           2
     0         54
  0.125000000000000     
 OBS           99
          98         100          -1
obdef
loc1d
   0.9123828439041972
kind
           5
  0.500000000000000     
           3
     0         54
  0.125000000000000     
 OBS          100
          99         101          -1
obdef
loc1d
   0.0976320288609713
kind
           5
  0.500000000000000     
           1
 10800         54
  0.125000000000000     
 OBS          101
         100         102          -1
obdef
loc1d
   0.1116066654212773
kind
           5
  0.500000000000000     
           2
 10800         54
  0.125000000000000     
 OBS          102
         101         103          -1
obdef
loc1d
   0.9123828439041972
kind
           5
  0.500000000000000     
           3
 10800         54
  0.125000000000000     
 OBS          103
         102         104          -1
obdef
loc1d
   0.0976320288609713
kind
           5
  0.500000000000000     
           1
 21600         54
  0.125000000000000     
 OBS          104
         103         105          -1
obdef
loc1d
   0.1116066654212773
kind
           5
  0.500000000000000     
           2
 21600         54
  0.125000000000000     
 OBS          105
         104         106          -1
obdef
loc1d
   0.9123828439041972
kind
           5
  0.500000000000000     
           3
 21600         54
  0.125000000000000     
 OBS          106
         105         107          -1
obdef
loc1d
   0.0976320288609713
kind
           5
  0.500000000000000     
           1
 32400         54
  0.125000000000000     
 OBS          107
         106         108          -1
obdef
loc1d
   0.1116066654212773
kind
           5
  0.500000000000000     
           2
 32400         54
  0.125000000000000     
 OBS          108
         107         109          -1
obdef
loc1d
   0.9123828439041972
kind
           5
  0.500000000000000     
           3
 32400         54
  0.125000000000000     
 OBS          109
         108         110          -1
obdef
loc1d
   0.0976320288609713
kind
           5
  0.500000000000000     
           1
 43200         54
  0.125000000000000     
 OBS          110
         109         111          -1
obdef
loc1d
   0.1116066654212773
kind
           5
  0.500000000000000     
           2
 43200         54
  0.125000000000000     
 OBS          111
         110         112          -1
obdef
loc1d
   0.9123828439041972
kind
           5
  0.500000000000000     
           3
 43200         54
  0.125000000000000     
 OBS          112
         111         113          -1
obdef
loc1d
   0.0976320288609713
kind
           5
  0.500000000000000     
           1
 54000         54
  0.125000000000000     
 OBS          113
         112         114          -1
obdef
loc1d
   0.1116066654212773
kind
           5
  0.500000000000000     
           2
 54000         54
  0.125000000000000     
 OBS          114
         113         115          -1
obdef
loc1d
   0.9123828439041972
kind
           5
  0.500000000000000     
           3
 54000         54
  0.125000000000000     
 OBS          115
         114         116          -1
obdef
loc1d
   0.0976320288609713
kind
           5
  0.500000000000000     
           1
 64800         54
  0.125000000000000     
 OBS          116
         115         117          -1
obdef
loc1d
   0.1116066654212773
kind
           5
  0.500000000000000     
           2
 64800         54
  0.125000000000000     
 OBS          117
         116         118          -1
obdef
loc1d
   0.9123828439041972
kind
           5
  0.500000000000000     
           3
 64800         54
  0.125000000000000     
 OBS          118
         117         119          -1
obdef
loc1d
   0.0976320288609713
kind
           5
  0.500000000000000     
           1
 75600         54
  0.125000000000000     
 OBS          119
         118         120          -1
obdef
loc1d
   0.1116066654212773
kind
           5
  0.500000000000000     
           2
 75600         54
  0.125000000000000     
 OBS          120
         119         121          -1
obdef
loc1d
   0.9123828439041972
kind
           5
  0.500000000000000     
           3
 75600         54
  0.125000000000000     
 OBS          121
         120         122          -1
obdef
loc1d
   0.0976320288609713
kind
           5
  0.500000000000000     
           1
     0         55
  0.125000000000000     
 OBS          122
         121         123          -1
obdef
loc1d
   0.1116066654212773
kind
           5
  0.500000000000000     
           2
     0         55
  0.125000000000000     
 OBS          123
         122         124          -1
obdef
loc1d
   0.9123828439041972
kind
           5
  0.500000000000000     
           3
     0         55
  0.125000000000000     
 OBS          124
         123         125          -1
obdef
loc1d
   0.0976320288609713
kind
           5
  0.500000000000000     
           1
 10800         55
  0.125000000000000     
 OBS          125
         124         126          -1
obdef
loc1d
   0.1116066654212773
kind
           5
  0.500000000000000     
           2
 10800         55
  0.125000000000000     
 OBS          126
         125         127          -1
obdef
loc1d
   0.9123828439041972
kind
           5
  0.500000000000000     
           3
 10800         55
  0.125000000000000     
 OBS          127
         126         128          -1
obdef
loc1d
   0.0976320288609713
kind
           5
  0.500000000000000     
           1
 21600         55
  0.125000000000000     
 OBS          128
         127         129          -1
obdef
loc1d
   0.1116066654212773
kind
           5
  0.500000000000000     
           2
 21600         55
  0.125000000000000     
 OBS          129
         128         130          -1
obdef
loc1d
   0.9123828439041972
kind
           5
  0.500000000000000     
           3
 21600         55
  0.125000000000000     
 OBS          130
         129         131          -1
obdef
loc1d
   0.0976320288609713
kind
           5
  0.500000000000000     
           1
 32400         55
  0.125000000000000     
 OBS          131
         130         132          -1
obdef
loc1d
   0.1116066654212773
kind
           5
  0.500000000000000     
           2
 32400         55
  0.125000000000000     
 OBS          132
         131         133          -1
obdef
loc1d
   0.9123828439041972
kind
           5
  0.500000000000000     
           3
 32400         55
  0.125000000000000     
 OBS          133
         132         134          -1
obdef
loc1d
   0.0976320288609713
kind
           5
  0.500000000000000     
           1
 43200         55
  0.125000000000000     
 OBS          134
         133         135          -1
obdef
loc1d
   0.1116066654212773
kind
           5
  0.500000000000000     
           2
 43200         55
  0.125000000000000     
 OBS          135
         134         136          -1
obdef
loc1d
   0.9123828439041972
kind
           5
  0.500000000000000     
           3
 43200         55
  0.125000000000000     
 OBS          136
         135         137          -1
obdef
loc1d
   0.0976320288609713
kind
           5
  0.500000000000000     
           1
 54000         55
  0.125000000000000     
 OBS          137
         136         138          -1
obdef
loc1d
   0.1116066654212773
kind
           5
  0.500000000000000     
           2
 54000         55
  0.125000000000000     
 OBS          138
         137         139          -1
obdef
loc1d
   0.9123828439041972
kind
           5
  0.500000000000000     
           3
 54000         55
  0.125000000000000     
 OBS          139
         138         140          -1
obdef
loc1d
   0.0976320288609713
kind
           5
  0.500000000000000     
           1
 64800         55
  0.125000000000000     
 OBS          140
         139         141          -1
obdef
loc1d
   0.1116066654212773
kind
           5
  0.500000000000000     
           2
 64800         55
  0.125000000000000     
 OBS          141
         140         142          -1
obdef
loc1d
   0.9123828439041972
kind
           5
  0.500000000000000     
           3
 64800         55
  0.125000000000000     
 OBS          142
         141         143          -1
obdef
loc1d
   0.0976320288609713
kind
           5
  0.500000000000000     
           1
 75600         55
  0.125000000000000     
 OBS          143
         142         144          -1
obdef
loc1d
   0.1116066654212773
kind
           5
  0.500000000000000     
           2
 75600         55
  0.125000000000000     
 OBS          144
         143         145          -1
obdef
loc1d
   0.9123828439041972
kind
           5
  0.500000000000000     
           3
 75600         55
  0.125000000000000     
 OBS          145
         144         146          -1
obdef
loc1d
   0.0976320288609713
kind
           5
  0.500000000000000     
           1
     0         56
  0.125000000000000     
 OBS          146
         145         147          -1
obdef
loc1d
   0.1116066654212773
kind
           5
  0.500000000000000     
           2
     0         56
  0.125000000000000     
 OBS          147
         146         148          -1
obdef
loc1d
   0.9123828439041972
kind
           5
  0.500000000000000     
           3
     0         56
  0.125000000000000     
 OBS          148
         147         149          -1
obdef
loc1d
   0.0976320288609713
kind
           5
  0.500000000000000     
           1
 10800         56
  0.125000000000000     
 OBS          149
         148         150          -1
obdef
loc1d
   0.1116066654212773
kind
           5
  0.500000000000000     
           2
 10800         56
  0.125000000000000     
 OBS          150
         149         151          -1
obdef
loc1d
   0.9123828439041972
kind
           5
  0.500000000000000     
           3
 10800         56
  0.125000000000000     
 OBS          151
         150         152          -1
obdef
loc1d
   0.0976320288609713
kind
           5
  0.500000000000000     
           1
 21600         56
  0.125000000000000     
 OBS          152
         151         153          -1
obdef
loc1d
   0.1116066654212773
kind
           5
  0.500000000000000     
           2
 21600         56
  0.125000000000000     
 OBS          153
         152         154          -1
obdef
loc1d
   0.9123828439041972
kind
           5
  0.500000000000000     
           3
 21600         56
  0.125000000000000     
 OBS          154
         153         155          -1
obdef
loc1d
   0.0976320288609713
kind
           5
  0.500000000000000     
           1
 32400         56
  0.125000000000000     
 OBS          155
         154         156          -1
obdef
loc1d
   0.1116066654212773
kind
           5
  0.500000000000000     
           2
 32400         56
  0.125000000000000     
 OBS          156
         155         157          -1
obdef
loc1d
   0.9123828439041972
kind
           5
  0.500000000000000     
           3
 32400         56
  0.125000000000000     
 OBS          157
         156         158          -1
obdef
loc1d
   0.0976320288609713
kind
           5
  0.500000000000000     
           1
 43200         56
  0.125000000000000     
 OBS          158
         157         159          -1
obdef
loc1d
   0.1116066654212773
kind
           5
  0.500000000000000     
           2
 43200         56
  0.125000000000000     
 OBS          159
         158         160          -1
obdef
loc1d
   0.9123828439041972
kind
           5
  0.500000000000000     
           3
 43200         56
  0.125000000000000     
 OBS          160
         159         161          -1
obdef
loc1d
   0.0976320288609713
kind
           5
  0.500000000000000     
           1
 54000         56
  0.125000000000000     
 OBS          161
         160         162          -1
obdef
loc1d
   0.1116066654212773
kind
           5
  0.500000000000000     
           2
 54000         56
  0.125000000000000     
 OBS          162
         161         163          -1
obdef
loc1d
   0.9123828439041972
kind
           5
  0.500000000000000     
           3
 54000         56
  0.125000000000000     
 OBS          163
         162         164          -1
obdef
loc1d
   0.0976320288609713
kind
           5
  0.500000000000000     
           1
 64800         56
  0.125000000000000     
 OBS          164
         163         165          -1
obdef
loc1d
   0.1116066654212773
kind
           5
  0.500000000000000     
           2
 64800         56
  0.125000000000000     
 OBS          165
         164         166          -1
obdef
loc1d
   0.9123828439041972
kind
           5
  0.500000000000000     
           3
 64800         56
  0.125000000000000     
 OBS          166
         165         167          -1
obdef
loc1d
   0.0976320288609713
kind
           5
  0.500000000000000     
           1
 75600         56
  0.125000000000000     
 OBS          167
         166         168          -1
obdef
loc1d
   0.1116066654212773
kind
           5
  0.500000000000000     
           2
 75600         56
  0.125000000000000     
 OBS          168
         167         169          -1
obdef
loc1d
   0.9123828439041972
kind
           5
  0.500000000000000     
           3
 75600         56
  0.125000000000000     
 OBS          169
         168         170          -1
obdef
loc1d
   0.0976320288609713
kind
           5
  0.500000000000000     
           1
     0         57
  0.125000000000000     
 OBS          170
         169         171          -1
obdef
loc1d
   0.1116066654212773
kind
           5
  0.500000000000000     
           2
     0         57
  0.125000000000000     
 OBS          171
         170         172          -1
obdef
loc1d
   0.9123828439041972
kind
           5
  0.500000000000000     
           3
     0         57
  0.125000000000000     
 OBS          172
         171         173          -1
obdef
loc1d
   0.0976320288609713
kind
           5
  0.500000000000000     
           1
 10800         57
  0.125000000000000     
 OBS          173
         172         174          -1
obdef
loc1d
   0.1116066654212773
kind
           5
  0.500000000000000     
           2
 10800         57
  0.125000000000000     
 OBS          174
         173         175          -1
obdef
loc1d
   0.9123828439041972
kind
           5
  0.500000000000000     
           3
 10800         57
  0.125000000000000     
 OBS          175
         174         176          -1
obdef
loc1d
   0.0976320288609713
kind
           5
  0.500000000000000     
           1
 21600         57
  0.125000000000000     
 OBS          176
         175         177          -1
obdef
loc1d
   0.1116066654212773
kind
           5
  0.500000000000000     
           2
 21600         57
  0.125000000000000     
 OBS          177
         176         178          -1
obdef
loc1d
   0.9123828439041972
kind
           5
  0.500000000000000     
           3
 21600         57
  0.125000000000000     
 OBS          178
         177         179          -1
obdef
loc1d
   0.0976320288609713
kind
           5
  0.500000000000000     
           1
 32400         57
  0.125000000000000     
 OBS          179
         178         180          -1
obdef
loc1d
   0.1116066654212773
kind
           5
  0.500000000000000     
           2
 32400         57
  0.125000000000000     
 OBS          180
         179         181          -1
obdef
loc1d
   0.9123828439041972
kind
           5
  0.500000000000000     
           3
 32400         57
  0.125000000000000     
 OBS          181
         180         182          -1
obdef
loc1d
   0.0976320288609713
kind
           5
  0.500000000000000     
           1
 43200         57
  0.125000000000000     
 OBS          182
         181         183          -1
obdef
loc1d
   0.1116066654212773
kind
           5
  0.500000000000000     
           2
 43200         57
  0.125000000000000     
 OBS          183
         182         184          -1
obdef
loc1d
   0.9123828439041972
kind
           5
  0.500000000000000     
           3
 43200         57
  0.125000000000000     
 OBS          184
         183         185          -1
obdef
loc1d
   0.0976320288609713
kind
           5
  0.500000000000000     
           1
 54000         57
  0.125000000000000     
 OBS          185
         184         186          -1
obdef
loc1d
   0.1116066654212773
kind
           5
  0.500000000000000     
           2
 54000         57
  0.125000000000000     
 OBS          186
         185         187          -1
obdef
loc1d
   0.9123828439041972
kind
           5
  0.500000000000000     
           3
 54000         57
  0.125000000000000     
 OBS          187
         186         188          -1
obdef
loc1d
   0.0976320288609713
kind
           5
  0.500000000000000     
           1
 64800         57
  0.125000000000000     
 OBS          188
         187         189          -1
obdef
loc1d
   0.1116066654212773
kind
           5
  0.500000000000000     
           2
 64800         57
  0.125000000000000     
 OBS          189
         188         190          -1
obdef
loc1d
   0.9123828439041972
kind
           5
  0.500000000000000     
           3
 64800         57
  0.125000000000000     
 OBS          190
         189         191          -1
obdef
loc1d
   0.0976320288609713
kind
           5
  0.500000000000000     
           1
 75600         57
  0.125000000000000     
 OBS          191
         190         192          -1
obdef
loc1d
   0.1116066654212773
kind
           5
  0.500000000000000     
           2
 75600         57
  0.125000000000000     
 OBS          192
         191         193          -1
obdef
loc1d
   0.9123828439041972
kind
           5
  0.500000000000000     
           3
 75600         57
  0.125000000000000     
 OBS          193
         192         194          -1
obdef
loc1d
   0.0976320288609713
kind
           5
  0.500000000000000     
           1
     0         58
  0.125000000000000     
 OBS          194
         193         195          -1
obdef
loc1d
   0.1116066654212773
kind
           5
  0.500000000000000     
           2
     0         58
  0.125000000000000     
 OBS          195
         194         196          -1
obdef
loc1d
   0.9123828439041972
kind
           5
  0.500000000000000     
           3
     0         58
  0.125000000000000     
 OBS          196
         195         197          -1
obdef
loc1d
   0.0976320288609713
kind
           5
  0.500000000000000     
           1
 10800         58
  0.125000000000000     
 OBS          197
         196         198          -1
obdef
loc1d
   0.1116066654212773
kind
           5
  0.500000000000000     
           2
 10800         58
  0.125000000000000     
 OBS          198
         197         199          -1
obdef
loc1d
   0.9123828439041972
kind
           5
  0.500000000000000     
           3
 10800         58
  0.125000000000000     
 OBS          199
         198         200          -1
obdef
loc1d
   0.0976320288609713
kind
           5
  0.500000000000000     
           1
 21600         58
  0.125000000000000     
 OBS          200
         199         201          -1
obdef
loc1d
   0.1116066654212773
kind
           5
  0.500000000000000     
           2
 21600         58
  0.125000000000000     
 OBS          201
         200         202          -1
obdef
loc1d
   0.9123828439041972
kind
           5
  0.500000000000000     
           3
 21600         58
  0.125000000000000     
 OBS          202
         201         203          -1
obdef
loc1d
   0.0976320288609713
kind
           5
  0.500000000000000     
           1
 32400         58
  0.125000000000000     
 OBS          203
         202         204          -1
obdef
loc1d
   0.1116066654212773
kind
           5
  0.500000000000000     
           2
 32400         58
  0.125000000000000     
 OBS          204
         203         205          -1
obdef
loc1d
   0.9123828439041972
kind
           5
  0.500000000000000     
           3
 32400         58
  0.125000000000000     
 OBS          205
         204         206          -1
obdef
loc1d
   0.0976320288609713
kind
           5
  0.500000000000000     
           1
 43200         58
  0.125000000000000     
 OBS          206
         205         207          -1
obdef
loc1d
   0.1116066654212773
kind
           5
  0.500000000000000     
           2
 43200         58
  0.125000000000000     
 OBS          207
         206         208          -1
obdef
loc1d
   0.9123828439041972
kind
           5
  0.500000000000000     
           3
 43200         58
  0.125000000000000     
 OBS          208
         207         209          -1
obdef
loc1d
   0.0976320288609713
kind
           5
  0.500000000000000     
           1
 54000         58
  0.125000000000000     
 OBS          209
         208         210          -1
obdef
loc1d
   0.1116066654212773
kind
           5
  0.500000000000000     
           2
 54000         58
  0.125000000000000     
 OBS          210
         209         211          -1
obdef
loc1d
   0.9123828439041972
kind
           5
  0.500000000000000     
           3
 54000         58
  0.125000000000000     
 OBS          211
         210         212          -1
obdef
loc1d
   0.0976320288609713
kind
           5
  0.500000000000000     
           1
 64800         58
  0.125000000000000     
 OBS          212
         211         213          -1
obdef
loc1d
   0.1116066654212773
kind
           5
  0.500000000000000     
           2
 64800         58
  0.125000000000000     
 OBS          213
         212         214          -1
obdef
loc1d
   0.9123828439041972
kind
           5
  0.500000000000000     
           3
 64800         58
  0.125000000000000     
 OBS          214
         213         215          -1
obdef
loc1d
   0.0976320288609713
kind
           5
  0.500000000000000     
           1
 75600         58
  0.125000000000000     
 OBS          215
         214         216          -1
obdef
loc1d
   0.1116066654212773
kind
           5
  0.500000000000000     
           2
 75600         58
  0.125000000000000     
 OBS          216
         215         217          -1
obdef
loc1d
   0.9123828439041972
kind
           5
  0.500000000000000     
           3
 75600         58
  0.125000000000000     
 OBS          217
         216         218          -1
obdef
loc1d
   0.0976320288609713
kind
           5
  0.500000000000000     
           1
     0         59
  0.125000000000000     
 OBS          218
         217         219          -1
obdef
loc1d
   0.1116066654212773
kind
           5
  0.500000000000000     
           2
     0         59
  0.125000000000000     
 OBS          219
         218         220          -1
obdef
loc1d
   0.9123828439041972
kind
           5
  0.500000000000000     
           3
     0         59
  0.125000000000000     
 OBS          220
         219         221          -1
obdef
loc1d
   0.0976320288609713
kind
           5
  0.500000000000000     
           1
 10800         59
  0.125000000000000     
 OBS          221
         220         222          -1
obdef
loc1d
   0.1116066654212773
kind
           5
  0.500000000000000     
           2
 10800         59
  0.125000000000000     
 OBS          222
         221         223          -1
obdef
loc1d
   0.9123828439041972
kind
           5
  0.500000000000000     
           3
 10800         59
  0.125000000000000     
 OBS          223
         222         224          -1
obdef
loc1d
   0.0976320288609713
kind
           5
  0.500000000000000     
           1
 21600         59
  0.125000000000000     
 OBS          224
         223         225          -1
obdef
loc1d
   0.1116066654212773
kind
           5
  0.500000000000000     
           2
 21600         59
  0.125000000000000     
 OBS          225
         224         226          -1
obdef
loc1d
   0.9123828439041972
kind
           5
  0.500000000000000     
           3
 21600         59
  0.125000000000000     
 OBS          226
         225         227          -1
obdef
loc1d
   0.0976320288609713
kind
           5
  0.500000000000000     
           1
 32400         59
  0.125000000000000     
 OBS          227
         226         228          -1
obdef
loc1d
   0.1116066654212773
kind
           5
  0.500000000000000     
           2
 32400         59
  0.125000000000000     
 OBS          228
         227         229          -1
obdef
loc1d
   0.9123828439041972
kind
           5
  0.500000000000000     
           3
 32400         59
  0.125000000000000     
 OBS          229
         228         230          -1
obdef
loc1d
   0.0976320288609713
kind
           5
  0.500000000000000     
           1
 43200         59
  0.125000000000000     
 OBS          230
         229         231          -1
obdef
loc1d
   0.1116066654212773
kind
           5
  0.500000000000000     
           2
 43200         59
  0.125000000000000     
 OBS          231
         230         232          -1
obdef
loc1d
   0.9123828439041972
kind
           5
  0.500000000000000     
           3
 43200         59
  0.125000000000000     
 OBS          232
         231         233          -1
obdef
loc1d
   0.0976320288609713
kind
           5
  0.500000000000000     
           1
 54000         59
  0.125000000000000     
 OBS          233
         232         234          -1
obdef
loc1d
   0.1116066654212773
kind
           5
  0.500000000000000     
           2
 54000         59
  0.125000000000000     
 OBS          234
         233         235          -1
obdef
loc1d
   0.9123828439041972
kind
           5
  0.500000000000000     
           3
 54000         59
  0.125000000000000     
 OBS          235
         234         236          -1
obdef
loc1d
   0.0976320288609713
kind
           5
  0.500000000000000     
           1
 64800         59
  0.125000000000000     
 OBS          236
         235         237          -1
obdef
loc1d
   0.1116066654212773
kind
           5
  0.500000000000000     
           2
 64800         59
  0.125000000000000     
 OBS          237
         236         238          -1
obdef
loc1d
   0.9123828439041972
kind
           5
  0.500000000000000     
           3
 64800         59
  0.125000000000000     
 OBS          238
         237         239          -1
obdef
loc1d
   0.0976320288609713
kind
           5
  0.500000000000000     
           1
 75600         59
  0.125000000000000     
 OBS          239
         238         240          -1
obdef
loc1d
   0.1116066654212773
kind
           5
  0.500000000000000     
           2
 75600         59
  0.125000000000000     
 OBS          240
         239         241          -1
obdef
loc1d
   0.9123828439041972
kind
           5
  0.500000000000000     
           3
 75600         59
  0.125000000000000     
 OBS          241
         240         242          -1
obdef
loc1d
   0.0976320288609713
kind
           5
  0.500000000000000     
           1
     0         60
  0.125000000000000     
 OBS          242
         241         243          -1
obdef
loc1d
   0.1116066654212773
kind
           5
  0.500000000000000     
           2
     0         60
  0.125000000000000     
 OBS          243
         242         244          -1
obdef
loc1d
   0.9123828439041972
kind
           5
  0.500000000000000     
           3
     0         60
  0.125000000000000     
 OBS          244
         243         245          -1
obdef
loc1d
   0.0976320288609713
kind
           5
  0.500000000000000     
           1
 10800         60
  0.125000000000000     
 OBS          245
         244         246          -1
obdef
loc1d
   0.1116066654212773
kind
           5
  0.500000000000000     
           2
 10800         60
  0.125000000000000     
 OBS          246
         245         247          -1
obdef
loc1d
   0.9123828439041972
kind
           5
  0.500000000000000     
           3
 10800         60
  0.125000000000000     
 OBS          247
         246         248          -1
obdef
loc1d
   0.0976320288609713
kind
           5
  0.500000000000000     
           1
 21600         60
  0.125000000000000     
 OBS          248
         247         249          -1
obdef
loc1d
   0.1116066654212773
kind
           5
  0.500000000000000     
           2
 21600         60
  0.125000000000000     
 OBS          249
         248         250          -1
obdef
loc1d
   0.9123828439041972
kind
           5
  0.500000000000000     
           3
 21600         60
  0.125000000000000     
 OBS          250
         249         251          -1
obdef
loc1d
   0.0976320288609713
kind
           5
  0.500000000000000     
           1
 32400         60
  0.125000000000000     
 OBS          251
         250         252          -1
obdef
loc1d
   0.1116066654212773
kind
           5
  0.500000000000000     
           2
 32400         60
  0.125000000000000     
 OBS          252
         251         253          -1
obdef
loc1d
   0.9123828439041972
kind
           5
  0.500000000000000     
           3
 32400         60
  0.125000000000000     
 OBS          253
         252         254          -1
obdef
loc1d
   0.0976320288609713
kind
           5
  0.500000000000000     
           1
 43200         60
  0.125000000000000     
 OBS          254
         253         255          -1
obdef
loc1d
   0.1116066654212773
kind
           5
  0.500000000000000     
           2
 43200         60
  0.125000000000000     
 OBS          255
         254         256          -1
obdef
loc1d
   0.9123828439041972
kind
           5
  0.500000000000000     
           3
 43200         60
  0.125000000000000     
 OBS          256
         255         257          -1
obdef
loc1d
   0.0976320288609713
kind
           5
  0.500000000000000     
           1
 54000         60
  0.125000000000000     
 OBS          257
         256         258          -1
obdef
loc1d
   0.1116066654212773
kind
           5
  0.500000000000000     
           2
 54000         60
  0.125000000000000     
 OBS          258
         257         259          -1
obdef
loc1d
   0.9123828439041972
kind
           5
  0.500000000000000     
           3
 54000         60
  0.125000000000000     
 OBS          259
         258         260          -1
obdef
loc1d
   0.0976320288609713
kind
           5
  0.500000000000000     
           1
 64800         60
  0.125000000000000     
 OBS          260
         259         261          -1
obdef
loc1d
   0.1116066654212773
kind
           5
  0.500000000000000     
           2
 64800         60
  0.125000000000000     
 OBS          261
         260         262          -1
obdef
loc1d
   0.9123828439041972
kind
           5
  0.500000000000000     
           3
 64800         60
  0.125000000000000     
 OBS          262
         261         263          -1
obdef
loc1d
   0.0976320288609713
kind
           5
  0.500000000000000     
           1
 75600         60
  0.125000000000000     
 OBS          263
         262         264          -1
obdef
loc1d
   0.1116066654212773
kind
           5
  0.500000000000000     
           2
 75600         60
  0.125000000000000     
 OBS          264
         263         265          -1
obdef
loc1d
   0.9123828439041972
kind
           5
  0.500000000000000     
           3
 75600         60
  0.125000000000000     
 OBS          265
         264         266          -1
obdef
loc1d
   0.0976320288609713
kind
           5
  0.500000000000000     
           1
     0         61
  0.125000000000000     
 OBS          266
         265         267          -1
obdef
loc1d
   0.1116066654212773
kind
           5
  0.500000000000000     
           2
     0         61
  0.125000000000000     
 OBS          267
         266         268          -1
obdef
loc1d
   0.9123828439041972
kind
           5
  0.500000000000000     
           3
     0         61
  0.125000000000000     
 OBS          268
         267         269          -1
obdef
loc1d
   0.0976320288609713
kind
           5
  0.500000000000000     
           1
 10800         61
  0.125000000000000     
 OBS          269
         268         270          -1
obdef
loc1d
   0.1116066654212773
kind
           5
  0.500000000000000     
           2
 10800         61
  0.125000000000000     
 OBS          270
         269         271          -1
obdef
loc1d
   0.9123828439041972
kind
           5
  0.500000000000000     
           3
 10800         61
  0.125000000000000     
 OBS          271
         270         272          -1
obdef
loc1d
   0.0976320288609713
kind
           5
  0.500000000000000     
           1
 21600         61
  0.125000000000000     
 OBS          272
         271         273          -1
obdef
loc1d
   0.1116066654212773
kind
           5
  0.500000000000000     
           2
 21600         61
  0.125000000000000     
 OBS          273
         272         274          -1
obdef
loc1d
   0.9123828439041972
kind
           5
  0.500000000000000     
           3
 21600         61
  0.125000000000000     
 OBS          274
         273         275          -1
obdef
loc1d
   0.0976320288609713
kind
           5
  0.500000000000000     
           1
 32400         61
  0.125000000000000     
 OBS          275
         274         276          -1
obdef
loc1d
   0.1116066654212773
kind
           5
  0.500000000000000     
           2
 32400         61
  0.125000000000000     
 OBS          276
         275         277          -1
obdef
loc1d
   0.9123828439041972
kind
           5
  0.500000000000000     
           3
 32400         61
  0.125000000000000     
 OBS          277
         276         278          -1
obdef
loc1d
   0.0976320288609713
kind
           5
  0.500000000000000     
           1
 43200         61
  0.125000000000000     
 OBS          278
         277         279          -1
obdef
loc1d
   0.1116066654212773
kind
           5
  0.500000000000000     
           2
 43200         61
  0.125000000000000     
 OBS          279
         278         280          -1
obdef
loc1d
   0.9123828439041972
kind
           5
  0.500000000000000     
           3
 43200         61
  0.125000000000000     
 OBS          280
         279         281          -1
obdef
loc1d
   0.0976320288609713
kind
           5
  0.500000000000000     
           1
 54000         61
  0.125000000000000     
 OBS          281
         280         282          -1
obdef
loc1d
   0.1116066654212773
kind
           5
  0.500000000000000     
           2
 54000         61
  0.125000000000000     
 OBS          282
         281         283          -1
obdef
loc1d
   0.9123828439041972
kind
           5
  0.500000000000000     
           3
 54000         61
  0.125000000000000     
 OBS          283
         282         284          -1
obdef
loc1d
   0.0976320288609713
kind
           5
  0.500000000000000     
           1
 64800         61
  0.125000000000000     
 OBS          284
         283         285          -1
obdef
loc1d
   0.1116066654212773
kind
           5
  0.500000000000000     
           2
 64800         61
  0.125000000000000     
 OBS          285
         284         286          -1
obdef
loc1d
   0.9123828439041972
kind
           5
  0.500000000000000     
           3
 64800         61
  0.125000000000000     
 OBS          286
         285         287          -1
obdef
loc1d
   0.0976320288609713
kind
           5
  0.500000000000000     
           1
 75600         61
  0.125000000000000     
 OBS          287
         286         288          -1
obdef
loc1d
   0.1116066654212773
kind
           5
  0.500000000000000     
           2
 75600         61
  0.125000000000000     
 OBS          288
         287         289          -1
obdef
loc1d
   0.9123828439041972
kind
           5
  0.500000000000000     
           3
 75600         61
  0.125000000000000     
 OBS          289
         288         290          -1
obdef
loc1d
   0.0976320288609713
kind
           5
  0.500000000000000     
           1
     0         62
  0.125000000000000     
 OBS          290
         289         291          -1
obdef
loc1d
   0.1116066654212773
kind
           5
  0.500000000000000     
           2
     0         62
  0.125000000000000     
 OBS          291
         290         292          -1
obdef
loc1d
   0.9123828439041972
kind
           5
  0.500000000000000     
           3
     0         62
  0.125000000000000     
 OBS          292
         291         293          -1
obdef
loc1d
   0.0976320288609713
kind
           5
  0.500000000000000     
           1
 10800         62
  0.125000000000000     
 OBS          293
         292         294          -1
obdef
loc1d
   0.1116066654212773
kind
           5
  0.500000000000000     
           2
 10800         62
  0.125000000000000     
 OBS          294
         293         295          -1
obdef
loc1d
   0.9123828439041972
kind
           5
  0.500000000000000     
           3
 10800         62
  0.125000000000000     
 OBS          295
         294         296          -1
obdef
loc1d
   0.0976320288609713
kind
           5
  0.500000000000000     
           1
 21600         62
  0.125000000000000     
 OBS          296
         295         297          -1
obdef
loc1d
   0.1116066654212773
kind
           5
  0.500000000000000     
           2
 21600         62
  0.125000000000000     
 OBS          297
         296         298          -1
obdef
loc1d
   0.9123828439041972
kind
           5
  0.500000000000000     
           3
 21600         62
  0.125000000000000     
 OBS          298
         297         299          -1
obdef
loc1d
   0.0976320288609713
kind
           5
  0.500000000000000     
           1
 32400         62
  0.125000000000000     
 OBS          299
         298         300          -1
obdef
loc1d
   0.1116066654212773
kind
           5
  0.500000000000000     
           2
 32400         62
  0.125000000000000     
 OBS          300
         299          -1          -1
obdef
loc1d
   0.9123828439041972
kind
           5
  0.500000000000000     
           3
 32400         62
  0.125000000000000     
